[0.07302904564315353,0.025726141078838173,0.02987551867219917,0.04232365145228216,0.1045643153526971,0.017427385892116183,0.02074688796680498,0.04730290456431535,0.0979253112033195,0,0.014937759336099586,0.054771784232365145,0.023236514522821577,0.05975103734439834,0.08132780082987552,0.015767634854771784,0,0.030705394190871368,0.06970954356846473,0.07883817427385892,0.038174273858921165,0.01991701244813278,0.027385892116182572,0.0008298755186721991,0.025726141078838173,0],
[0.08163265306122448,0.013205282112845138,0.02040816326530612,0.03841536614645858,0.1332533013205282,0.021608643457382955,0.026410564225690276,0.06602641056422569,0.07563025210084033,0.0012004801920768306,0.009603841536614645,0.04921968787515006,0.03361344537815126,0.06722689075630252,0.06362545018007203,0.008403361344537815,0,0.04441776710684274,0.062424969987995196,0.09123649459783914,0.025210084033613446,0.012004801920768308,0.02040816326530612,0.012004801920768308,0.022809123649459785,0],
[0.08762886597938144,0.005154639175257732,0.013745704467353952,0.06013745704467354,0.1013745704467354,0.006872852233676976,0.024054982817869417,0.06872852233676977,0.05326460481099656,0,0.00859106529209622,0.048109965635738834,0.037800687285223365,0.07731958762886598,0.09450171821305842,0.012027491408934709,0,0.0429553264604811,0.058419243986254296,0.0859106529209622,0.041237113402061855,0.015463917525773196,0.018900343642611683,0,0.030927835051546393,0.006872852233676976],
[0.07330297115593147,0.01236174365647365,0.0275428323574062,0.031229668184775537,0.10561700281934504,0.01843417913684667,0.026024723487312947,0.06441119063109954,0.0795922793320321,0.0013012361743656475,0.01626545217957059,0.044892648015614836,0.03383214053350683,0.06918238993710692,0.08111038820212535,0.011711125569290826,0.00021687269572760788,0.05313381045326394,0.07330297115593147,0.08739969637822598,0.031229668184775537,0.006289308176100629,0.024289741921492084,0.0008674907829104315,0.02580785079158534,0.0006506180871828237],
[0.06439393939393939,0.041666666666666664,0.03787878787878788,0.03409090909090909,0.10984848484848485,0.022727272727272728,0.003787878787878788,0.05303030303030303,0.06060606060606061,0.007575757575757576,0,0.041666666666666664,0.022727272727272728,0.06818181818181818,0.06818181818181818,0,0,0.04924242424242424,0.08333333333333333,0.11742424242424243,0.06439393939393939,0.003787878787878788,0.01893939393939394,0,0.026515151515151516,0],
[0.09069212410501193,0.012887828162291169,0.015751789976133652,0.059665871121718374,0.09880668257756563,0.018138424821002388,0.016706443914081145,0.057279236276849645,0.07541766109785203,0.012887828162291169,0.013842482100238664,0.03866348448687351,0.02100238663484487,0.07780429594272076,0.07637231503579953,0.010023866348448688,0.002386634844868735,0.03198090692124105,0.0720763723150358,0.07446300715990453,0.03675417661097852,0.009069212410501194,0.031503579952267304,0.0019093078758949881,0.043914081145584725,0],
[0.08137733825807221,0.01596568569045633,0.021089002740378886,0.03729298224711069,0.10615989515072084,0.01525080424162993,0.035386631716906945,0.06517335875134041,0.0750625521267723,0.006433933039437627,0.02120814964851662,0.039318479685452164,0.026569760514714644,0.07160729179077803,0.07827951864649112,0.01119980936494698,0,0.04479923745978792,0.0658882402001668,0.09067079709281545,0.0334802811867032,0.006076492315024425,0.023591087811271297,0.002621231979030144,0.024782556892648636,0.0007148814488264029],
[0.07214765100671142,0.020134228187919462,0.019085570469798658,0.040058724832214766,0.10696308724832215,0.015729865771812082,0.024958053691275166,0.07424496644295302,0.07529362416107382,0.0014681208053691276,0.018875838926174497,0.041107382550335574,0.025796979865771813,0.06774328859060402,0.08682885906040269,0.018246644295302015,0.00041946308724832214,0.0539010067114094,0.06354865771812081,0.08137583892617449,0.030411073825503357,0.007969798657718121,0.026426174496644295,0.00020973154362416107,0.026635906040268456,0.00041946308724832214],
[0.07950169875424688,0.013590033975084938,0.025821064552661383,0.048924122310305775,0.12819932049830124,0.019932049830124577,0.020385050962627407,0.07066817667044167,0.06613816534541336,0.0027180067950169874,0.0144960362400906,0.04144960362400906,0.026727066817667046,0.06817667044167611,0.08312570781426953,0.01608154020385051,0.0006795016987542468,0.04258210645526614,0.05866364665911665,0.09241223103057758,0.031483578708946774,0.006795016987542469,0.023556058890147225,0.0011325028312570782,0.016761041902604756,0],
[0.07495471014492754,0.014266304347826086,0.021739130434782608,0.04461050724637681,0.1324728260869565,0.016757246376811596,0.021512681159420288,0.07042572463768115,0.06136775362318841,0.001585144927536232,0.012228260869565218,0.04098731884057971,0.021965579710144928,0.06589673913043478,0.0817481884057971,0.020606884057971016,0.0009057971014492754,0.051177536231884056,0.06408514492753623,0.09465579710144928,0.03215579710144927,0.007699275362318841,0.024456521739130436,0.0009057971014492754,0.019927536231884056,0.0009057971014492754],
[0.07570136795733828,0.024113146301878042,0.026779503825643404,0.03883607697658242,0.12613030373290054,0.017157431022490146,0.023301646185949456,0.06492000927428704,0.06202179457454208,0.003941571991653142,0.013215859030837005,0.039067934152562024,0.02306978900996986,0.0738465105495015,0.08219336888476698,0.017968931138418735,0.0005796429399489915,0.05471829353118479,0.05541386505912358,0.09865522837931834,0.0268954324136332,0.006607929515418502,0.021910503130071875,0.0013911430558775793,0.021214931602133086,0.00034778576396939483],
[0.09327548806941431,0.02386117136659436,0.016811279826464208,0.057483731019522775,0.09761388286334056,0.007592190889370932,0.020065075921908895,0.05856832971800434,0.07592190889370933,0.015726681127982648,0.009761388286334056,0.04067245119305857,0.02440347071583514,0.0770065075921909,0.0710412147505423,0.015726681127982648,0,0.04175704989154013,0.07266811279826464,0.0797180043383948,0.03036876355748373,0.004338394793926247,0.023318872017353578,0,0.04229934924078091,0],
[0.08081431215299198,0.01850709438618137,0.02190006169031462,0.03423812461443553,0.10718692165330043,0.021745835903763108,0.023750771128932757,0.06647131400370142,0.06724244293645898,0.00879086983343615,0.013571869216533004,0.048118445404071564,0.02390499691548427,0.07248611967921037,0.08127698951264652,0.014805675508945095,0.00030845157310302283,0.04503392967304133,0.07665021591610117,0.08652066625539791,0.027760641579272053,0.005706354102405923,0.020049352251696483,0.0077112893275755705,0.024830351634793336,0.0006169031462060457],
[0.08595480726628267,0.011962782454585734,0.026140894993354008,0.03766061143110323,0.13203367301727958,0.01949490474080638,0.02259636685866194,0.07354895879486044,0.06911829862649535,0.00044306601683650863,0.014178112538768276,0.05316792202038104,0.03322995126273815,0.05937084625609216,0.05981391227292867,0.017722640673460344,0.00044306601683650863,0.0460788657509969,0.06734603455914931,0.08506867523260966,0.016836508639787327,0.00930438635356668,0.030571555161719097,0.0008861320336730173,0.0256978289765175,0.001329198050509526],
[0.07960038672252659,0.01632828445590289,0.02041035556987861,0.04060586529165324,0.10065527983671715,0.013642711354603073,0.02707057686110216,0.06101622086153185,0.06649478998818348,0.006230529595015576,0.022129122354710495,0.03942421312708132,0.029756149962401977,0.06799871092491137,0.09711032334300139,0.01514663229133097,0.0001074229240519927,0.040498442367601244,0.053174347405736386,0.08615318508969814,0.039746481899237296,0.0068750671393275325,0.024492426683854335,0.004941454506391664,0.03910194435492534,0.0012890750886239124],
[0.07242605603261341,0.015873015873015872,0.017260820539509066,0.036082921328822966,0.11362650706913002,0.020730332205742042,0.026628502038338105,0.060803191950732936,0.08378870673952642,0.0016480180414606643,0.012230028623471247,0.039725908578367594,0.03729725041200451,0.0670483129499523,0.07884465261514442,0.014571948998178506,0.00017347558331164888,0.04545060282765201,0.06583398386677075,0.09159510798855061,0.031572556162720096,0.009541157082140688,0.02263856362217018,0.0009541157082140688,0.031659293954375924,0.001994969208083962],
[0.07986870897155361,0.014223194748358862,0.01586433260393873,0.03446389496717724,0.12855579868708972,0.018599562363238512,0.026805251641137857,0.0700218818380744,0.07768052516411379,0,0.009846827133479213,0.04923413566739606,0.03282275711159737,0.06728665207877461,0.06838074398249452,0.007111597374179431,0,0.05196936542669584,0.04321663019693654,0.07713347921225383,0.03282275711159737,0.016958424507658644,0.038293216630196934,0,0.038293216630196934,0.0005470459518599562],
[0.09388839681133747,0.0141718334809566,0.030558015943312665,0.053144375553587246,0.13950398582816653,0.01771479185119575,0.013728963684676704,0.06465899025686449,0.05270150575730735,0.0008857395925597874,0.013286093888396812,0.04118689105403012,0.01815766164747564,0.06288751107174491,0.06997342781222321,0.01948627103631532,0,0.0704162976085031,0.062444641275465014,0.0912311780336581,0.02037201062887511,0.009300265721877768,0.021257750221434897,0.0008857395925597874,0.016386182462356066,0.001771479185119575],
[0.0754985754985755,0.009259259259259259,0.010683760683760684,0.04985754985754986,0.11609686609686609,0.01282051282051282,0.03917378917378917,0.06837606837606838,0.07193732193732194,0.012108262108262107,0.01638176638176638,0.04487179487179487,0.029914529914529916,0.0584045584045584,0.0811965811965812,0.011396011396011397,0,0.06908831908831908,0.06054131054131054,0.08547008547008547,0.02207977207977208,0.0035612535612535613,0.030626780626780627,0.0014245014245014246,0.019230769230769232,0],
[0.08695652173913043,0.018273471959672338,0.027095148078134845,0.0516698172652804,0.1001890359168242,0.015122873345935728,0.03339634530560807,0.043478260869565216,0.07624448645242596,0.001890359168241966,0.01638311279143037,0.05419029615626969,0.027095148078134845,0.06742281033396345,0.08758664146187775,0.015122873345935728,0,0.048519218651543794,0.0516698172652804,0.08758664146187775,0.020793950850661626,0.007561436672967864,0.0315059861373661,0.00315059861373661,0.027095148078134845,0],
[0.07934131736526946,0.010104790419161677,0.02245508982035928,0.05538922155688623,0.12387724550898203,0.019461077844311378,0.0344311377245509,0.07260479041916168,0.07784431137724551,0.004116766467065869,0.020958083832335328,0.04116766467065868,0.014221556886227544,0.06212574850299401,0.07223053892215568,0.012350299401197605,0.001122754491017964,0.0407934131736527,0.06062874251497006,0.08046407185628743,0.031062874251497005,0.0048652694610778445,0.02657185628742515,0.008607784431137725,0.023203592814371257,0],
[0.07117771013814095,0.015453055490517443,0.024116132053383282,0.030906110981034886,0.10746897682041677,0.01732615312573168,0.02552095527979396,0.0660266916413018,0.062046359166471554,0.006087567314446265,0.018262701943338795,0.03699367829548115,0.023179583235776166,0.06110981034886444,0.10091313509716694,0.019433387965347694,0.0004682744088035589,0.04916881292437368,0.062046359166471554,0.08101147272301569,0.04987122453757902,0.005385155701240927,0.022008897213767267,0.0007024116132053383,0.04308124560992742,0.00023413720440177945],
[0.07719463403153683,0.02353494939985879,0.01576841609790539,0.043539656389738765,0.13297246410920216,0.015062367615909626,0.028477288773829136,0.07884208048952694,0.06283831489762297,0.002353494939985879,0.015533066603906801,0.03812661802777124,0.019534008001882795,0.06589785831960461,0.06448576135561308,0.010590727229936456,0.0002353494939985879,0.06048481995763709,0.05930807248764415,0.09790538950341257,0.023064250411861616,0.007295834313956225,0.03153683219581078,0.0004706989879971758,0.024476347375853143,0.0004706989879971758],
[0.0838648712497047,0.021970233876683204,0.023860146468225846,0.05244507441530829,0.11741081974958659,0.01653673517599811,0.027167493503425465,0.05433498700685093,0.06638317977793527,0.0018899125915426411,0.014883061658398299,0.039451925348452634,0.03779825183085282,0.05693361682022206,0.07465154736593432,0.01819040869359792,0,0.04866524923222301,0.06142215922513584,0.08079376328844791,0.03330970942593905,0.007087172218284904,0.025986298133711314,0.0011811953697141507,0.03378218757382471,0],
[0.07450030284675954,0.019987886129618413,0.012113870381586917,0.0514839491217444,0.12174439733494852,0.013930950938824955,0.02483343428225318,0.06662628709872805,0.07752877044215627,0.0012113870381586917,0.016959418534221685,0.03755299818291944,0.03876438522107813,0.06117504542701393,0.08479709267110842,0.01635372501514234,0,0.041792852816474865,0.06904906117504543,0.07450030284675954,0.026650514839491216,0.004845548152634767,0.027256208358570563,0.0006056935190793458,0.03573591762568141,0],
[0.08303464755077658,0.008363201911589008,0.017323775388291517,0.043010752688172046,0.11827956989247312,0.016129032258064516,0.031660692951015534,0.054958183990442055,0.08004778972520908,0.0023894862604540022,0.023894862604540025,0.04659498207885305,0.034050179211469536,0.05555555555555555,0.08004778972520908,0.022700119474313024,0,0.037037037037037035,0.05854241338112306,0.09259259259259259,0.026284348864994027,0.010752688172043012,0.027479091995221028,0.0005973715651135006,0.026881720430107527,0.0017921146953405018],
[0.07191201353637902,0.02961082910321489,0.012690355329949238,0.06175972927241963,0.11759729272419628,0.024534686971235193,0.0338409475465313,0.06091370558375635,0.07614213197969544,0.0008460236886632825,0.010998307952622674,0.04145516074450085,0.03468697123519458,0.05922165820642978,0.08121827411167512,0.008460236886632826,0,0.05668358714043993,0.049069373942470386,0.06937394247038917,0.02622673434856176,0.010998307952622674,0.028764805414551606,0.0025380710659898475,0.030456852791878174,0],
[0.08909574468085106,0.02925531914893617,0.018617021276595744,0.041223404255319146,0.13297872340425532,0.018617021276595744,0.020611702127659573,0.07313829787234043,0.05452127659574468,0.0013297872340425532,0.020611702127659573,0.02992021276595745,0.02127659574468085,0.0598404255319149,0.07380319148936171,0.018617021276595744,0,0.05784574468085106,0.07845744680851063,0.08444148936170212,0.01928191489361702,0.003989361702127659,0.03324468085106383,0.0006648936170212766,0.01795212765957447,0.0006648936170212766],
[0.0947533281127643,0.023492560689115115,0.018010963194988253,0.04385277995301488,0.09005481597494126,0.0274079874706343,0.02975724353954581,0.039937353171495694,0.09240407204385279,0.0007830853563038371,0.02192638997650744,0.04541895066562255,0.039937353171495694,0.06734534064212999,0.08144087705559906,0.015661707126076743,0.0007830853563038371,0.042286609240407204,0.060297572435395456,0.06656225528582616,0.023492560689115115,0.00548159749412686,0.0274079874706343,0.0023492560689115116,0.03915426781519186,0],
[0.07930756843800323,0.023349436392914653,0.016908212560386472,0.04508856682769726,0.13043478260869565,0.01610305958132045,0.024154589371980676,0.07568438003220612,0.07246376811594203,0.002818035426731079,0.01610305958132045,0.04428341384863124,0.02576489533011272,0.059178743961352656,0.07367149758454106,0.010466988727858293,0.00040257648953301127,0.05676328502415459,0.06924315619967794,0.07528180354267311,0.024154589371980676,0.004428341384863124,0.026972624798711754,0.0008051529790660225,0.025362318840579712,0.0008051529790660225],
[0.08173750583839327,0.0135450723960766,0.017748715553479684,0.045305931807566556,0.11723493694535264,0.012844465203176086,0.02452125175151798,0.0560485754320411,0.07893507706679122,0.0037365716954694066,0.015413358243811303,0.03503035964502569,0.0338626809901915,0.06422232601588043,0.07379729098552079,0.012143858010275572,0.0007006071929005138,0.04997664642690332,0.07473143390938813,0.07986921999065857,0.034329752452125176,0.008640822045773003,0.030593180756655767,0.0014012143858010276,0.033395609528257826,0.00023353573096683791],
[0.09090909090909091,0.011695906432748537,0.024455077086656035,0.04891015417331207,0.1063264221158958,0.025518341307814992,0.028176501860712386,0.05901116427432217,0.0733652312599681,0.001063264221158958,0.01541733120680489,0.049441786283891544,0.03349282296650718,0.06432748538011696,0.07496012759170653,0.017543859649122806,0.001063264221158958,0.04891015417331207,0.049441786283891544,0.0935672514619883,0.028176501860712386,0.006911217437533227,0.019670388091440724,0.001063264221158958,0.02658160552897395,0],
[0.08272296423955192,0.012063765618267988,0.02240413614821198,0.046531667384747954,0.1107281344248169,0.023265833692373977,0.026712623869021974,0.04782421370099095,0.07022834984920293,0.0008616975441619991,0.015510555794915984,0.043084877208099955,0.03619129685480396,0.06721240844463593,0.07496768634209393,0.017233950883239983,0.0025850926324859974,0.05644118914261095,0.05816458423093494,0.08573890564411892,0.034467901766479965,0.005170185264971995,0.02714347264110297,0.00043084877208099956,0.02972856527358897,0.0025850926324859974],
[0.08337481333997014,0.027127924340467895,0.023145843703334994,0.0428073668491787,0.1214534594325535,0.016674962667994026,0.024888003982080638,0.07740169238427078,0.06819313091090094,0.0009955201592832255,0.0156794425087108,0.03807864609258337,0.018666002986560477,0.06445993031358885,0.07192633150821304,0.01642608262817322,0,0.05948232951717272,0.06570433051269288,0.07267297162767546,0.024888003982080638,0.008461921353907416,0.021901443504230962,0.0004977600796416127,0.029616724738675958,0.0054753608760577405],
[0.09120389136603162,0.015403323875152006,0.020672882042967168,0.05147952979327118,0.09850020267531415,0.01905147952979327,0.02513173895419538,0.053911633563032024,0.06526145115524928,0.0012160518848804217,0.01053911633563032,0.041345764085934336,0.03161734900689096,0.062423996757194976,0.09120389136603162,0.01783542764491285,0,0.05472233481961897,0.06323469801378193,0.08512363194162952,0.032833400891771385,0.005674908796108634,0.032428050263477906,0.0016214025131738954,0.02513173895419538,0.0024321037697608433],
[0.07599396074484147,0.01660795168595873,0.034725717161550075,0.051333668847508805,0.11122294916960242,0.02415702063412179,0.025163563160543533,0.05636638147961751,0.08555611474584801,0,0.00805234021137393,0.04730749874182184,0.02365374937091092,0.08555611474584801,0.06592853548062405,0.018621036738802214,0,0.0463009562154001,0.05586311021640664,0.09411172622043282,0.027679919476597887,0.003019627579265224,0.018621036738802214,0.0010065425264217413,0.021640664318067437,0.001509813789632612],
[0.08106143220647037,0.01272264631043257,0.019992729916394038,0.04907306434023991,0.12886223191566704,0.020174482006543076,0.023446019629225736,0.08433296982915303,0.05779716466739367,0.0069065794256633955,0.016902944383860415,0.04234823700472556,0.021628498727735368,0.06561250454380226,0.07051981097782624,0.008542348237004725,0.0001817520901490367,0.03871319520174482,0.05997818974918211,0.09778262450018176,0.030352599054889132,0.010178117048346057,0.026717557251908396,0.0061795710650672485,0.019810977826245003,0.0001817520901490367],
[0.07621134648161675,0.014609203798392988,0.026540053567080595,0.03433162892622352,0.10591672753834916,0.01509617725833942,0.029948867786705625,0.05819332846359873,0.08522035549062576,0.0024348672997321647,0.015339663988312637,0.044071098125152176,0.0384709033357682,0.06963720477233991,0.06695885074263452,0.017774531288044803,0.0009739469198928658,0.043584124665205747,0.08059410762113464,0.07085463842220599,0.032627221816411006,0.01241782322863404,0.023131239347455562,0.0017044071098125152,0.032627221816411006,0.0007304601899196494],
[0.0772494696118807,0.01647323099962561,0.01934356670410583,0.043679021589916385,0.12404842131536253,0.015225258954199426,0.022213902408586048,0.05615874204417821,0.06726569324847123,0.0012479720454261825,0.01135654561337826,0.042181455135404965,0.031199301135654563,0.06726569324847123,0.08199176338450019,0.018095594658679645,0.0007487832272557095,0.05516036440783727,0.06414576313490578,0.09409709222513415,0.03132409834019718,0.007487832272557095,0.024335454885810556,0.0032447273181080744,0.02358667165855485,0.0008735804317983277],
[0.0890302066772655,0.023052464228934817,0.015103338632750398,0.04372019077901431,0.10095389507154214,0.014308426073131956,0.03259141494435612,0.05405405405405406,0.0834658187599364,0.006359300476947536,0.014308426073131956,0.03815580286168521,0.0246422893481717,0.07790143084260731,0.07790143084260731,0.012718600953895072,0.001589825119236884,0.04213036565977742,0.06041335453100159,0.0834658187599364,0.03656597774244833,0.006359300476947536,0.031001589825119236,0.000794912559618442,0.029411764705882353,0],
[0.08559670781893004,0.012345679012345678,0.022222222222222223,0.04156378600823045,0.12098765432098765,0.026748971193415638,0.027983539094650206,0.059670781893004114,0.059670781893004114,0.00205761316872428,0.010699588477366255,0.04609053497942387,0.03333333333333333,0.0662551440329218,0.0757201646090535,0.01934156378600823,0,0.05596707818930041,0.056378600823045265,0.08436213991769548,0.02962962962962963,0.00905349794238683,0.024691358024691357,0.0012345679012345679,0.026748971193415638,0.0016460905349794238],
[0.0838235294117647,0.01764705882352941,0.03137254901960784,0.05588235294117647,0.12794117647058822,0.014705882352941176,0.01764705882352941,0.07303921568627451,0.054411764705882354,0.000980392156862745,0.020098039215686276,0.04068627450980392,0.022058823529411766,0.06764705882352941,0.06911764705882353,0.016666666666666666,0,0.058333333333333334,0.06862745098039216,0.0784313725490196,0.03529411764705882,0.005392156862745098,0.018627450980392157,0.00196078431372549,0.018627450980392157,0.000980392156862745],
[0.08066361556064074,0.012871853546910755,0.02288329519450801,0.04862700228832952,0.11413043478260869,0.016876430205949658,0.02459954233409611,0.05635011441647597,0.08495423340961099,0.0011441647597254005,0.015446224256292907,0.03318077803203661,0.019736842105263157,0.07008009153318077,0.07665903890160183,0.010011441647597255,0.0011441647597254005,0.06664759725400457,0.06064073226544622,0.08123569794050343,0.03318077803203661,0.011727688787185355,0.02316933638443936,0.003146453089244851,0.02946224256292906,0.0014302059496567505],
[0.07349192863211555,0.014018691588785047,0.0318606627017842,0.041206457094307564,0.12914188615123195,0.01826677994902294,0.02506372132540357,0.08368734069668649,0.0675446049277825,0.0038232795242141037,0.013169073916737469,0.031011045029736617,0.0237892948173322,0.06414613423959219,0.07986406117247238,0.01826677994902294,0.0004248088360237893,0.055225148683092605,0.07009345794392523,0.09303313508920985,0.01784197111299915,0.0055225148683092605,0.016992353440951572,0.0004248088360237893,0.022090059473237042,0],
[0.08519730253054685,0.008947052146624824,0.029712225412298857,0.04233157508179208,0.12539226814448823,0.01936302330239701,0.01849502570608266,0.06182813647592976,0.06683581491620484,0.0006676904587033451,0.009815049742939173,0.03311744675168592,0.02884422781598451,0.07211056953996127,0.07478133137477465,0.023903318421579757,0.0009347666421846832,0.06389797689791013,0.07070841957668425,0.09294251185150564,0.023769780329839087,0.007945516458569807,0.018895639981304668,0.0020030713761100354,0.0170261066969353,0.0005341523669626762],
[0.08265698419478855,0.020717642033319095,0.023280649295173005,0.047629218282785137,0.126228107646305,0.019008970525416488,0.02498932080307561,0.054677488252883384,0.06578385305425032,0.0032037590773173856,0.009397693293464331,0.047629218282785137,0.030115335326783427,0.06450234942332336,0.07923964117898334,0.013669372063220846,0.00021358393848782572,0.04784280222127296,0.061085006407518155,0.0739000427167877,0.031610422896198205,0.010892780862879111,0.02797949594190517,0.00042716787697565144,0.03182400683468603,0.00149508756941478],
[0.06869734283862605,0.012961762799740765,0.016850291639662993,0.03629293583927414,0.12767336357744652,0.014906027219701879,0.023331173039533377,0.057679844458846406,0.06740116655865197,0.0064808813998703824,0.009073233959818535,0.0440699935191186,0.031756318859364877,0.06869734283862605,0.09332469215813351,0.008425145819831496,0,0.03823720025923526,0.06221646143875567,0.09462086843810759,0.03823720025923526,0.013609850939727802,0.031756318859364877,0.0006480881399870382,0.03240440699935191,0.0006480881399870382],
[0.07671800947867298,0.01569905213270142,0.023696682464454975,0.047097156398104266,0.11640995260663507,0.014218009478672985,0.02458530805687204,0.05716824644549763,0.07523696682464455,0.002369668246445498,0.015106635071090047,0.03998815165876777,0.022808056872037914,0.06723933649289099,0.08678909952606635,0.01066350710900474,0.0008886255924170616,0.05390995260663507,0.06427725118483413,0.08056872037914692,0.030213270142180094,0.010367298578199052,0.028139810426540283,0.001481042654028436,0.03347156398104265,0.0008886255924170616],
[0.07329317269076305,0.014056224899598393,0.02610441767068273,0.04919678714859438,0.12048192771084337,0.01857429718875502,0.01957831325301205,0.053714859437751006,0.0747991967871486,0.004518072289156626,0.01606425702811245,0.0426706827309237,0.0286144578313253,0.07228915662650602,0.07981927710843373,0.016566265060240965,0,0.05973895582329317,0.071285140562249,0.0677710843373494,0.02610441767068273,0.01104417670682731,0.02710843373493976,0.0015060240963855422,0.02459839357429719,0.000502008032128514],
[0.08373616929852831,0.01530776667740896,0.022988505747126436,0.04731979804490278,0.12740358792566334,0.019926952411644647,0.025942636158556236,0.08067461596304651,0.06230529595015576,0.0018261897088838758,0.01310559673434311,0.03877967558276936,0.021699430658502526,0.06864324846922333,0.07116768718444516,0.014126114512837039,0.0006982490063379525,0.05312063594371039,0.06354065957675369,0.08454184122891825,0.02782253732946611,0.0068750671393275325,0.02717799978515415,0.0020410355569878613,0.018906434633150716,0.0003222687721559781],
[0.07948717948717948,0.013752913752913752,0.016783216783216783,0.05058275058275058,0.10466200466200466,0.020512820512820513,0.03006993006993007,0.06340326340326341,0.08041958041958042,0.0018648018648018648,0.011888111888111888,0.03939393939393939,0.035431235431235435,0.068997668997669,0.08041958041958042,0.013286713286713287,0.0009324009324009324,0.043356643356643354,0.05920745920745921,0.08438228438228439,0.0337995337995338,0.008624708624708625,0.023310023310023312,0.0018648018648018648,0.03263403263403263,0.0009324009324009324],
[0.0762448132780083,0.021265560165975105,0.01504149377593361,0.052904564315352696,0.1358921161825726,0.01504149377593361,0.03112033195020747,0.05653526970954357,0.06327800829875518,0.0005186721991701245,0.014522821576763486,0.03890041493775934,0.03163900414937759,0.06846473029045644,0.07572614107883817,0.021784232365145227,0.0005186721991701245,0.058091286307053944,0.05964730290456432,0.07313278008298756,0.03163900414937759,0.009854771784232365,0.023858921161825725,0.0015560165975103733,0.020228215767634856,0.0025933609958506223],
[0.07422934648581997,0.01627620221948212,0.022441430332922317,0.05030826140567201,0.12774352651048088,0.019482120838471024,0.02367447595561036,0.06683107274969174,0.06461159062885327,0.0014796547472256474,0.022441430332922317,0.04266337854500617,0.020468557336621455,0.06313193588162762,0.07447595561035758,0.01775585696670777,0.0012330456226880395,0.06288532675709001,0.06806411837237977,0.0779284833538841,0.025154130702836005,0.006658446362515413,0.020715166461159062,0.001972872996300863,0.027127003699136867,0.0002466091245376079],
[0.07915027537372148,0.01888276947285602,0.024232887490165226,0.036034618410700235,0.13642800944138472,0.02218725413060582,0.027222659323367426,0.07789142407553108,0.06734854445318647,0.0015735641227380016,0.015892997639653815,0.042486231313926044,0.02140047206923682,0.061841070023603464,0.06435877261998427,0.016994492525570417,0.0003147128245476003,0.057435090479937057,0.06750590086546027,0.08607395751376869,0.025963808025177025,0.00959874114870181,0.021872541306058223,0.0003147128245476003,0.016207710464201417,0.0007867820613690008],
[0.08463251670378619,0.01855976243504083,0.021529324424647365,0.044543429844097995,0.1291759465478842,0.012620638455827766,0.032665181885671864,0.08685968819599109,0.06384558277654045,0.0014847809948032665,0.020786933927245732,0.03711952487008166,0.017817371937639197,0.06161841128433556,0.07275426874536006,0.011878247958426132,0.0007423904974016332,0.06904231625835189,0.06310319227913883,0.06904231625835189,0.032665181885671864,0.005196733481811433,0.014847809948032665,0,0.01855976243504083,0.008908685968819599],
[0.08623298033282904,0.019969742813918306,0.016036308623298034,0.04931921331316188,0.12889561270801816,0.012405446293494705,0.03237518910741301,0.08714069591527988,0.0680786686838124,0.000907715582450832,0.015128593040847202,0.036611195158850224,0.022995461422087745,0.06475037821482602,0.06263237518910741,0.01422087745839637,0.000907715582450832,0.05506807866868381,0.060816944024205746,0.08441754916792739,0.026626323751891074,0.006051437216338881,0.019667170953101363,0.000302571860816944,0.024205748865355523,0.004236006051437216],
[0.07611724061072105,0.01459935361640477,0.022957762175415133,0.03120472528697203,0.11534603811434303,0.017385489802741558,0.027638470968460938,0.06920762286860582,0.07879193134960437,0.0005572272372673577,0.014933689958765185,0.04558118800846985,0.020728853226345705,0.06720160481444333,0.07466844979382592,0.015825253538392956,0.0005572272372673577,0.056948623648723946,0.0794606040343252,0.08035216761395297,0.034659534158029644,0.006352390504847877,0.021397525911066532,0.0007801181321743007,0.026078234704112337,0.0006686726847208291],
[0.07841823056300268,0.022788203753351208,0.014745308310991957,0.05160857908847185,0.12064343163538874,0.01675603217158177,0.018096514745308313,0.06032171581769437,0.06300268096514745,0.0006702412868632708,0.013404825737265416,0.054959785522788206,0.022117962466487937,0.06166219839142091,0.0918230563002681,0.00804289544235925,0,0.06032171581769437,0.06233243967828418,0.064343163538874,0.023458445040214475,0.012734584450402145,0.035522788203753354,0.002680965147453083,0.039544235924932974,0],
[0.09533267130089375,0.026812313803376366,0.015888778550148957,0.047666335650446874,0.10824230387288977,0.00893743793445879,0.01787487586891758,0.07149950347567031,0.07447864945382324,0.013902681231380337,0.009930486593843098,0.031777557100297914,0.04667328699106256,0.06554121151936444,0.07845084409136048,0.00893743793445879,0,0.05561072492552135,0.05561072492552135,0.08341608738828203,0.014895729890764648,0.006951340615690168,0.020854021847070508,0.005958291956305859,0.03475670307845084,0],
[0.07928268050967438,0.014865502595563945,0.019820670127418595,0.04837187352524776,0.1316658801321378,0.020292590844738084,0.017225106182161398,0.05545068428504012,0.0757432751297782,0.0016517225106182161,0.012977819726285984,0.046484190655969794,0.03680981595092025,0.0726757904672015,0.07126002831524304,0.01651722510618216,0.0007078810759792355,0.041293062765455406,0.05804624823029731,0.08093440302029259,0.02973100519112789,0.005191127890514393,0.03680981595092025,0.0007078810759792355,0.025483718735252476,0],
[0.07755426151402858,0.018263631551085232,0.026998411858125994,0.04976177871889889,0.13763896241397564,0.02011646373742721,0.019587083112758072,0.06802541026998411,0.05479089465325569,0.0018528321863419798,0.018528321863419798,0.04526204340921122,0.02223398623610376,0.06881948120698782,0.07358390682901006,0.01667548967707782,0.0005293806246691371,0.05108523028057173,0.06326098464796188,0.08020116463737427,0.030174695606140816,0.007940709370037057,0.02726310217046056,0.0007940709370037057,0.018793012175754367,0.00026469031233456857],
[0.08319885242962166,0.015241169087322934,0.020261789492558722,0.045544199390353236,0.10901918594226287,0.017213555675094135,0.03173749327595481,0.055226824457593686,0.07710238479469249,0.0026896180742334587,0.015420476958938497,0.045902815133584365,0.027792720100412407,0.06024744486282948,0.07674376905146135,0.014523937600860678,0.00017930787161556393,0.05719921104536489,0.06688183611260534,0.08140577371346602,0.02922718307333692,0.006455083378160301,0.02689618074233459,0.0007172314864622557,0.031378877532723684,0.0017930787161556392],
[0.07499261883672867,0.02056884164944395,0.020864088180297214,0.04182659187087885,0.1181970278515894,0.02027359511859069,0.026769018797362463,0.05678574943411081,0.06977659679165436,0.0018698946954039957,0.013482924908965653,0.03798838696978644,0.029623068595610667,0.06259226454089165,0.07056392087392974,0.017517960830626907,0.0007873240822753666,0.04920775514221041,0.07115441393563626,0.09054226946166716,0.033953351048125184,0.01082570613128629,0.02844208247219762,0.0006889085719909457,0.02981989961617951,0.0008857395925597874],
[0.08701982304849368,0.01534326352335088,0.019823048493672304,0.04490984432747228,0.12431403292641953,0.02071900548773659,0.023406876469929443,0.078620226229141,0.06092507559637137,0.0015679247396124987,0.011087467801545526,0.0374062045021839,0.025534774330832122,0.06249300033598387,0.07313248964049726,0.01612722589315713,0.0013439354910964273,0.06081308097211334,0.06159704334191959,0.08746780154552582,0.0311345055437339,0.007727629073804457,0.02531078508231605,0.0015679247396124987,0.020159032366446412,0.00044797849703214247],
[0.11834961997828447,0.010857763300760043,0.009771986970684038,0.04777415852334419,0.13137893593919653,0.019543973941368076,0.026058631921824105,0.08034744842562432,0.05754614549402823,0,0.008686210640608035,0.04125950054288816,0.0249728555917481,0.06406080347448426,0.0499457111834962,0.0054288816503800215,0,0.05863192182410423,0.06731813246471227,0.08686210640608034,0.014115092290988056,0.008686210640608035,0.03691639522258415,0,0.026058631921824105,0.0054288816503800215],
[0.07406311637080867,0.01987179487179487,0.025887573964497042,0.0391025641025641,0.12707100591715975,0.01942800788954635,0.023717948717948717,0.0670611439842209,0.06878698224852071,0.0017258382642998027,0.01257396449704142,0.040779092702169624,0.02421104536489152,0.06464497041420118,0.07342209072978303,0.017899408284023668,0.0008382642998027613,0.05917159763313609,0.0616370808678501,0.09442800788954635,0.027071005917159763,0.008481262327416174,0.02603550295857988,0.0013313609467455621,0.02031558185404339,0.0004437869822485207],
[0.082687338501292,0.02144702842377261,0.020671834625323,0.03669250645994832,0.10155038759689923,0.014470284237726097,0.03049095607235142,0.0640826873385013,0.05452196382428941,0.00516795865633075,0.019638242894056846,0.047028423772609816,0.020671834625323,0.06253229974160207,0.09302325581395349,0.019121447028423774,0,0.046253229974160204,0.06253229974160207,0.08217054263565891,0.04392764857881137,0.004392764857881137,0.020671834625323,0.00025839793281653745,0.04547803617571059,0.0005167958656330749],
[0.08351409978308026,0.016268980477223426,0.01843817787418655,0.05856832971800434,0.12147505422993492,0.019522776572668113,0.016268980477223426,0.06724511930585683,0.0770065075921909,0.0032537960954446853,0.010845986984815618,0.0455531453362256,0.028199566160520606,0.06182212581344902,0.0737527114967462,0.01193058568329718,0,0.049891540130151846,0.05639913232104121,0.0824295010845987,0.02928416485900217,0.006507592190889371,0.03579175704989154,0.0010845986984815619,0.02386117136659436,0.0010845986984815619],
[0.07928590181149908,0.01916513520609084,0.021527960094512997,0.056970333420845364,0.1249671829876608,0.014702021527960095,0.024153321081648728,0.07456025203465476,0.06957206615909688,0.0010501443948542925,0.016277238120241535,0.034917301128905225,0.023365712785508006,0.06615909687582043,0.08663691257547913,0.019952743502231557,0.0005250721974271463,0.04778156996587031,0.048306642163297456,0.08873720136518772,0.029929115253347335,0.005250721974271462,0.023103176686794433,0.0018377526909950119,0.021002887897085848,0.00026253609871357313],
[0.07217222516322569,0.01764602082230457,0.023645667901888125,0.051173460384683254,0.10428798305982001,0.01888124227986589,0.03264513852126345,0.06405505558496559,0.07428974766190224,0.0014116816657843657,0.012175754367390153,0.041644609140638784,0.03935062643373919,0.07393682724545615,0.0737603670372331,0.01888124227986589,0,0.045703193929768834,0.06652549850008822,0.07923063349214753,0.03070407623080995,0.007234868537144874,0.01605787894829716,0.0008823010411152286,0.03370389977060173,0],
[0.08225946111139408,0.016095349666378038,0.025823867977385014,0.048031375744919266,0.126012326185504,0.022105638465848315,0.024754240309682676,0.06692813120766057,0.0722253348953293,0.0012224316202312433,0.010849080629552284,0.03815005348138339,0.026078541231599858,0.06733560841440432,0.0705954260683543,0.021239749401517852,0.0006621504609585901,0.060561299852289516,0.05898232567615749,0.08500993225691438,0.027097234248459227,0.00998319156522182,0.019915448479600674,0.0015280395252890541,0.01594254571384913,0.0006112158101156216],
[0.07042500878117317,0.017562346329469618,0.022128556375131718,0.043027748507200564,0.12627327010888656,0.02651914295749912,0.025816649104320338,0.06621004566210045,0.06814190375834211,0.007376185458377239,0.01879171057253249,0.03811029153494907,0.02195293291183702,0.07024938531787847,0.07516684229012996,0.0136986301369863,0.0007024938531787847,0.04970144011239901,0.05813136635054443,0.09606603442219881,0.0275728837372673,0.0066736916051984545,0.02528977871443625,0.001053740779768177,0.0230066736916052,0.00035124692658939234],
[0.08022719204827831,0.013607857058336292,0.01987930422435215,0.04638504319015501,0.13170039048633297,0.021890900485149686,0.022245888060584546,0.07584901195124838,0.062241154892912084,0.0007099751508697196,0.011714589989350373,0.04058691279138563,0.021417583717903206,0.06377943438646314,0.07525736599219027,0.014317832209206011,0.0008283043426813394,0.06318778842740504,0.060939533782984265,0.08578866406342445,0.03005561472015146,0.009229676961306355,0.023902496745947226,0.0014199503017394391,0.022600875636019407,0.00023665838362323986],
[0.08135731807031889,0.014309076042518397,0.02256745707277187,0.041455437448896154,0.12297628781684383,0.02215862632869992,0.0259198691741619,0.07489779231398201,0.05412919051512674,0.0029435813573180703,0.01054783319705642,0.037775960752248566,0.019869174161896975,0.06794766966475879,0.07342600163532298,0.016762060506950123,0.0005723630417007358,0.06500408830744071,0.07522485690923958,0.0883892068683565,0.025511038430089943,0.005233033524121014,0.026655764513491415,0.0009811937857726902,0.022649223221586263,0.0007358953393295176],
[0.09772165797419709,0.01976393082624211,0.01674444139445512,0.04501784243755147,0.12050507823222618,0.022508921218775735,0.024430414493549272,0.0661542684600604,0.07521273675542135,0.0043919846280538015,0.007960472138347515,0.039253362613230855,0.018391435629975295,0.07493823771616799,0.07576173483392808,0.012077957727147955,0.003568487510293714,0.05160581937963217,0.05544880592917925,0.09387867142465002,0.025528410650562723,0.005764479824320615,0.026351907768322812,0.0010979961570134504,0.01592094427669503,0],
[0.08156216790648246,0.0140807651434644,0.01700318809776833,0.05074388947927736,0.11238044633368757,0.01567481402763018,0.03506907545164718,0.061902231668437835,0.07412327311370882,0.001594048884165781,0.01567481402763018,0.04782146652497343,0.02709883103081828,0.06827842720510095,0.08421891604675877,0.01726886291179596,0.0005313496280552603,0.04782146652497343,0.05791710945802338,0.07624867162592987,0.031880977683315624,0.007438894792773645,0.021253985122210415,0.001594048884165781,0.030818278427205102,0],
[0.07213736202475192,0.015720816144497714,0.026758835990634406,0.034340506187980825,0.12788493700524028,0.020069126992975805,0.024417437841453896,0.06466718697736648,0.07325231352436169,0.0023413981491805106,0.014494369494926971,0.03478648678782473,0.02765079719032222,0.06790054632623481,0.07715464377299587,0.01828520459360018,0.0012264466495707437,0.05630505073029323,0.0741442747240495,0.08696621696956182,0.02831976809008808,0.0072471847474634855,0.021741554242390455,0.0004459805998439068,0.020849593042702643,0.0008919611996878136],
[0.08381067229424179,0.01929454326198372,0.02683147422369611,0.03527283690081399,0.10702441965631594,0.016279770877298764,0.027735905939101597,0.0621043111245101,0.07506783237865541,0.0030147723846849564,0.01447090744648779,0.03889056376243594,0.029243292131444075,0.06421465179378957,0.07838408200180887,0.0208019294543262,0,0.04763340367802231,0.06361169731685258,0.09255351220982816,0.03376545070847151,0.006933976484775399,0.02622851974675912,0.0030147723846849564,0.02351522460054266,0.00030147723846849563],
[0.08696572154041472,0.01290732120186204,0.02264071096064325,0.05734236140499365,0.10071942446043165,0.011426153195090986,0.026449428692340245,0.053322048243757934,0.0848497672450275,0.0027507405840033854,0.016716038933559035,0.04104951333051206,0.03131612357173085,0.06136267456622937,0.08696572154041472,0.015446466356326703,0.00021159542953872197,0.039145154464663566,0.0645366060093102,0.08252221752010157,0.03533643673296657,0.004231908590774439,0.025603046974185358,0.003808717731696995,0.03152771900126957,0.0008463817181548879],
[0.07870672762900065,0.013389941214892228,0.01845199216198563,0.05323318092749837,0.12377531025473547,0.018941868060091443,0.022534291312867407,0.07331809274983671,0.05943827563683867,0.007184846505551927,0.010613977792292619,0.05111038536903984,0.022860875244937948,0.06531678641410843,0.07723709993468321,0.02171783148269105,0.0011430437622468974,0.05682560418027433,0.05453951665578054,0.08360548661005879,0.030045721750489876,0.0070215545395166555,0.02155453951665578,0.0011430437622468974,0.025310254735467014,0.0009797517962116264],
[0.09301651695160823,0.010431758910460736,0.019414662416690813,0.058823529411764705,0.1193856853086062,0.013909011880614315,0.02405099971022892,0.05331787887568821,0.08142567371776296,0.0014488554042306578,0.014488554042306577,0.043175891046073604,0.036221385105766446,0.05998261373514923,0.07736887858591712,0.011590843233845263,0,0.045204288611996525,0.06722689075630252,0.06577803535207186,0.03274413213561286,0.007244277021153289,0.025210084033613446,0.005795421616922631,0.032164589973920604,0.0005795421616922632],
[0.07452471482889733,0.016476552598225603,0.02458808618504436,0.03929024081115336,0.13637515842839038,0.02256020278833967,0.022053231939163497,0.07604562737642585,0.06134347275031685,0.0025348542458808617,0.011660329531051965,0.03878326996197719,0.02256020278833967,0.06337135614702155,0.0697084917617237,0.015716096324461342,0.001520912547528517,0.05602027883396705,0.0697084917617237,0.09936628643852978,0.025348542458808618,0.007858048162230671,0.019518377693282636,0.0012674271229404308,0.02002534854245881,0.0017743979721166034],
[0.06927175843694494,0.015097690941385435,0.020426287744227355,0.023090586145648313,0.12788632326820604,0.02486678507992895,0.021314387211367674,0.0630550621669627,0.06660746003552398,0,0.004440497335701598,0.03463587921847247,0.03463587921847247,0.07015985790408526,0.09325044404973357,0.027531083481349913,0,0.0630550621669627,0.052397868561278864,0.08969804618117229,0.019538188277087035,0.016873889875666074,0.020426287744227355,0,0.03996447602131439,0.0017761989342806395],
[0.0812720848056537,0.015547703180212015,0.020848056537102474,0.0480565371024735,0.12473498233215548,0.022968197879858657,0.02791519434628975,0.05441696113074205,0.07597173144876325,0.0017667844522968198,0.006007067137809187,0.03462897526501767,0.031448763250883395,0.07208480565371024,0.0657243816254417,0.019787985865724382,0.0007067137809187279,0.05441696113074205,0.0519434628975265,0.09434628975265018,0.03215547703180212,0.0088339222614841,0.026501766784452298,0.0021201413427561835,0.025441696113074206,0.00035335689045936394],
[0.09203084832904884,0.013367609254498715,0.014910025706940874,0.04627249357326478,0.15012853470437018,0.015424164524421594,0.02056555269922879,0.07043701799485862,0.0519280205655527,0.0005141388174807198,0.009768637532133676,0.04061696658097686,0.030334190231362468,0.07403598971722365,0.06272493573264781,0.008740359897172237,0.0010282776349614395,0.056555269922879174,0.07455012853470437,0.0724935732647815,0.02365038560411311,0.015938303341902313,0.02416452442159383,0.0010282776349614395,0.02724935732647815,0.0015424164524421595],
[0.10070730885820141,0.011788480970023578,0.018861569552037723,0.053553384978107105,0.10912765240821826,0.017851128326035703,0.02694509936005389,0.04445941394408892,0.08352980801616706,0.008083529808016167,0.02222970697204446,0.04782755136409565,0.026608285618053215,0.0498484338160997,0.07073088582014146,0.009767598518019536,0.0003368137420006736,0.047490737622094985,0.06668912091613338,0.080498484338161,0.0306500505220613,0.005389019872010778,0.03267093297406534,0.008420343550016841,0.02526103065005052,0.0006736274840013472],
[0.08075697957654113,0.015458122540753232,0.025576166385609892,0.041596402473299605,0.11682593217163201,0.022390856286303166,0.02454562488289301,0.06857785272625071,0.06258197489226157,0.0017800262319655237,0.011148585347573544,0.04215851602023609,0.020704515645493724,0.06408094435075885,0.07279370432827431,0.016582349634626195,0.0012179126850290426,0.06426831553307101,0.07551058647180063,0.0879707700955593,0.02969833239647742,0.006276934607457373,0.02267191305977141,0.0005621135469364812,0.02370245456248829,0.0005621135469364812],
[0.0968421052631579,0.012105263157894737,0.025789473684210525,0.04368421052631579,0.10263157894736842,0.008947368421052631,0.022105263157894735,0.05631578947368421,0.07842105263157895,0.007894736842105263,0.01368421052631579,0.03,0.030526315789473683,0.06526315789473684,0.07052631578947369,0.01631578947368421,0,0.05421052631578947,0.07210526315789474,0.0868421052631579,0.035263157894736843,0.005789473684210527,0.03,0.0010526315789473684,0.03263157894736842,0.0010526315789473684],
[0.08427577207481514,0.017398869073510223,0.01968247063940844,0.052522836015658984,0.12831665941713788,0.018703784254023487,0.019573727707699,0.06361461505002175,0.06513701609395389,0.0013049151805132667,0.013375380600260982,0.04632448890822097,0.030991735537190084,0.05937364071335363,0.07698999565028274,0.013375380600260982,0.001087429317094389,0.05654632448890822,0.057525010874293174,0.09090909090909091,0.023053501522401043,0.006198347107438017,0.03012179208351457,0.001087429317094389,0.021857329273597216,0.0006524575902566333],
[0.07313395325458658,0.01721538074893189,0.023498366423724555,0.044483538577532046,0.12113596381000251,0.01910027645136969,0.0252576024126665,0.054159336516712744,0.07476752953003267,0.0012565971349585323,0.014199547625031415,0.03857753204322694,0.027896456396079416,0.06572003015833124,0.0760241266649912,0.016964061321940185,0.0008796179944709727,0.052274440814274944,0.0623272178939432,0.08984669514953506,0.03040965066599648,0.009550138225684845,0.02953003267152551,0.0015079165619502387,0.029404372958029657,0.0008796179944709727],
[0.07450098397526005,0.014431637147408865,0.020804048355355636,0.04479430231468466,0.11170461999812577,0.021928591509699186,0.023521694311685878,0.06756630119014151,0.0791865804516915,0.002061662449629838,0.010402024177677818,0.04385718301939837,0.033923718489363694,0.07450098397526005,0.07665635835441852,0.010495736107206447,0.00018742385905725798,0.042451504076468936,0.05866366788492175,0.09511760847155842,0.02961296973104676,0.009277481023334271,0.029987817449161278,0.0009371192952862899,0.02342798238215725,0],
[0.10097179426404361,0.014458402465039108,0.02393932211424508,0.03839772457928419,0.12277790945721735,0.015406494429959706,0.020383977245792842,0.05664849490400569,0.06778857549182271,0.005451528798293435,0.015643517421189856,0.033420241763451056,0.03697558663190329,0.07418819625503674,0.0687366674567433,0.014695425456269258,0.00047404598246029864,0.06802559848305285,0.05830765584261673,0.07798056411471913,0.018961839298411946,0.009006873666745675,0.027020621000237024,0.000711068973690448,0.02773168997392747,0.0018961839298411946],
[0.07498568975386377,0.01316542644533486,0.01659988551803091,0.045220377790498,0.11677160847166572,0.010589582140812822,0.031196336576989125,0.06067544361763022,0.0726960503720664,0.0028620492272467086,0.024327418431597022,0.04493417286777333,0.024041213508872353,0.06267887807670292,0.09473382942186606,0.013737836290784202,0.00028620492272467084,0.048654836863194044,0.07498568975386377,0.06897538637664567,0.03921007441327991,0.01001717229536348,0.021465369204350316,0.0011448196908986834,0.025472238122495706,0.0005724098454493417],
[0.08432304038004751,0.017814726840855107,0.014251781472684086,0.059679334916864606,0.11817102137767221,0.014845605700712588,0.032957244655581946,0.060570071258907364,0.07007125890736342,0.004750593824228029,0.015439429928741092,0.03622327790973872,0.030581947743467935,0.07363420427553444,0.07779097387173396,0.014251781472684086,0.0023752969121140144,0.04720902612826603,0.06086698337292162,0.0831353919239905,0.022862232779097387,0.006532066508313539,0.027612826603325414,0.0002969121140142518,0.021080760095011877,0.002672209026128266],
[0.08157099697885196,0.017695295640914977,0.02352179542511869,0.042943461372464395,0.12041432887354338,0.025463962019853258,0.025463962019853258,0.04963314630988347,0.08502373759171342,0.0021579628830384117,0.0110056107034959,0.04251186879585671,0.029995684074233923,0.07164436771687527,0.08157099697885196,0.01661631419939577,0.0006473888649115235,0.04682779456193353,0.04596460940871817,0.0932239965472594,0.0256797583081571,0.014458351316357358,0.02028485110056107,0.0021579628830384117,0.02330599913681485,0.00021579628830384117],
[0.06859846244825547,0.013601419278533412,0.022708456534594915,0.04281490242460083,0.1198107628622117,0.01726788882318155,0.023063276167947958,0.06587817859254878,0.06954464813719692,0.0005913660555884093,0.01289178001182732,0.04352454169130692,0.022826729745712596,0.06729745712596097,0.08350088704908339,0.01277350680070964,0.0017740981667652277,0.06102897693672383,0.062329982259018334,0.08752217622708457,0.03926670609107037,0.010526315789473684,0.022945002956830277,0.0013010053222945004,0.02578356002365464,0.0008279124778237729],
[0.07795819503005293,0.015250740109446487,0.022337848748542208,0.05149367542836638,0.1255046200771508,0.01937741096259083,0.021261325917287164,0.05642773840495201,0.07410065488472235,0.0005382614156275231,0.015430160581322329,0.04261236207051224,0.034269310128285636,0.06279716515654436,0.07831703597380461,0.013546245626625998,0.0008971023593792052,0.05391585179869023,0.061720642325289315,0.08378936036601776,0.02610567865793487,0.0077150802906611644,0.028527855028258723,0.0008073921234412846,0.024490894411052302,0.0008073921234412846],
[0.07415485278080698,0.0155095116927178,0.022416091118381196,0.035017569368714405,0.11547316127468799,0.022294923058281835,0.03198836786623046,0.06361323155216285,0.0760935417423967,0.0006058403004967891,0.014176663031624863,0.041681812674179086,0.026293469041560644,0.07185265963891918,0.07803223070398643,0.01720586453410881,0.0013328486610929358,0.05404095480431358,0.06676360111474615,0.08760450745183569,0.031746031746031744,0.007633587786259542,0.01987156185629468,0.0006058403004967891,0.02277959529867927,0.0012116806009935782],
[0.0804771505376344,0.015120967741935484,0.01646505376344086,0.05174731182795699,0.11206317204301075,0.015625,0.024361559139784945,0.057459677419354836,0.07342069892473119,0.008736559139784945,0.019153225806451613,0.03931451612903226,0.02788978494623656,0.07342069892473119,0.08064516129032258,0.010920698924731184,0.0003360215053763441,0.04670698924731183,0.05796370967741935,0.0823252688172043,0.033602150537634407,0.006888440860215054,0.02469758064516129,0.0011760752688172043,0.03948252688172043,0],
[0.07829937998228521,0.015323294951284322,0.02116917626217892,0.04588131089459699,0.11620903454384411,0.02178919397697077,0.028432240921169177,0.060141718334809566,0.07643932683790966,0.0008857395925597874,0.011426040744021258,0.03578387953941541,0.031975199291408324,0.06713906111603189,0.07883082373782108,0.013728963684676704,0.00070859167404783,0.05287865367581931,0.06120460584588131,0.08937112488928255,0.030203720106288752,0.010186005314437556,0.025597874224977855,0.0007971656333038087,0.025155004428697964,0.0004428697962798937],
[0.08024530271398747,0.01448329853862213,0.018528183716075158,0.06302192066805845,0.11169102296450939,0.019963465553235908,0.03262004175365345,0.053627348643006265,0.07593945720250522,0.0009133611691022964,0.014352818371607515,0.04240605427974948,0.03588204592901879,0.06850208768267223,0.07580897703549061,0.011873695198329854,0.001174321503131524,0.052453027139874736,0.05271398747390397,0.08181106471816284,0.0293580375782881,0.00587160751565762,0.027922755741127347,0.0010438413361169101,0.027139874739039668,0.0006524008350730689],
[0.08524062847952493,0.01633057033279723,0.018062600519609055,0.051837189162439685,0.12012866509959173,0.018310033403439317,0.029939378943461586,0.06024990721266856,0.06655944575034022,0.0024743288383026105,0.017196585426203143,0.04045527650624768,0.03352715575900037,0.06408511691203761,0.07917852282568354,0.015340838797476185,0.0008660150934059137,0.0482494123469009,0.060126190770753436,0.0778176419646171,0.029939378943461586,0.005196090560435482,0.03092911047878263,0.0012371644191513053,0.02585673636026228,0.0008660150934059137],
[0.08360852596817772,0.015535875112578805,0.020489342539777845,0.0392524767337136,0.13464425097568297,0.016511558090663465,0.022440708495947162,0.05411287901531072,0.0720504353047133,0.0015010507355148605,0.01215851095767037,0.0413539477634344,0.02664365055538877,0.06537075953167217,0.07122485740018013,0.01568598018613029,0.0015761032722906034,0.06582107475232662,0.06762233563494446,0.08533473431401982,0.029720804563194234,0.009981987391173822,0.02138997298108676,0.0009006304413089162,0.022815971179825877,0.002251576103272291],
[0.06955227055195151,0.013931723917898544,0.02041901520791237,0.04222056790386047,0.12251409124747421,0.02084441135807721,0.024885674784643198,0.07699670317983623,0.07625225991704775,0.0051047538019780925,0.010422205679038605,0.040093587153036264,0.026906306497926195,0.06263958311177284,0.07497607146655323,0.01595235563118154,0.000850792300329682,0.054025311070934806,0.06997766670211635,0.07923003296820164,0.030628522811868553,0.005742848027225354,0.026480910347761354,0.001701584600659364,0.026906306497926195,0.0007444432627884718],
[0.0778816199376947,0.021806853582554516,0.017253774263120056,0.050083872513779056,0.12173496285645818,0.015815959741193385,0.02875629043853343,0.06733764677689912,0.06422238197939133,0.000958543014617781,0.01557632398753894,0.032111190989695663,0.026359932901988976,0.06206566019650132,0.09178049364965253,0.011981787682722261,0.00023963575365444525,0.050083872513779056,0.06805655403786245,0.07620416966211359,0.03474718427989456,0.010783608914450037,0.02420321111909897,0.0011981787682722263,0.028037383177570093,0.0007189072609633358],
[0.08342779415098617,0.013829063704375425,0.025164361822715937,0.04851507594649739,0.12967581047381546,0.01722965313987758,0.020856948537746542,0.06506461119927454,0.05871684425300385,0.0068011788710043075,0.010428474268873271,0.03695307186579007,0.02629789163454999,0.06347766946270687,0.07481296758104738,0.017909771026978008,0.0006801178871004307,0.05803672636590342,0.060983903876671956,0.09635003400589436,0.02788483337111766,0.005667649059170256,0.02856495125821809,0.0020403536613012923,0.020630242575379733,0],
[0.08098060886164975,0.01677886064503165,0.022405304933185974,0.0472219431327238,0.12649452426404098,0.016577916206168993,0.02551994373555712,0.07153622023510499,0.058474831709032456,0.0011051944137445997,0.013563749623229177,0.04601627649954788,0.018788305033658192,0.06359891490003014,0.07244047020998694,0.016075555109012356,0.0011051944137445997,0.06209183160856023,0.0708329146990857,0.08118155330051241,0.02973977695167286,0.0056264442881543255,0.02511805485783181,0.0012056666331759268,0.02541947151612579,0.00010047221943132724],
[0.08163639699137773,0.014859658778205834,0.020730141258484682,0.041827187671986794,0.12254632177582095,0.020546688680975967,0.027334434048798387,0.05521922583012291,0.0799853237937993,0.002017978352595854,0.016327279398275545,0.04219409282700422,0.0392588515868648,0.06916162172078517,0.07411484131352046,0.014309301045679693,0.00091726288754357,0.05026600623738763,0.056686846450192625,0.08750687947165657,0.02531645569620253,0.008438818565400843,0.020546688680975967,0.002201430930104568,0.02531645569620253,0.000733810310034856],
[0.08039244398887099,0.01508273539317616,0.024161663493922975,0.04363742861326695,0.13105872016400644,0.017425684580465662,0.022697320251867038,0.06706692048616196,0.06428466832625568,0.002782252159906282,0.014643432420559379,0.043051691316444575,0.021086542685605506,0.06399179967784449,0.07673158588373115,0.014204129447942597,0.0023429491872895007,0.04934836725728511,0.06033094157270464,0.09298579587055206,0.03470493483672573,0.007907453507102065,0.021086542685605506,0.0036608581051398447,0.024161663493922975,0.0011714745936447504],
[0.08843296781039972,0.01910152104704634,0.016625397948355148,0.049522461973823845,0.12062256809338522,0.015210470463388751,0.029006013441811106,0.05659709939865582,0.06685532366466218,0.002476123098691192,0.014503006720905553,0.04067916519278387,0.03820304209409268,0.0615493455960382,0.062610541209763,0.017332861690838343,0.0007074637424831977,0.04987619384506544,0.07003891050583658,0.07994340290060134,0.0307746727980191,0.010611956137247965,0.027237354085603113,0,0.0314821365405023,0],
[0.08252089136490251,0.01532033426183844,0.02298050139275766,0.044916434540389974,0.11768802228412256,0.03516713091922006,0.03238161559888579,0.0504874651810585,0.0644150417827298,0.00034818941504178273,0.009749303621169917,0.05327298050139276,0.02437325905292479,0.06720055710306407,0.07242339832869081,0.013231197771587743,0.0020891364902506965,0.04944289693593315,0.0685933147632312,0.08426183844011143,0.03168523676880223,0.006615598885793872,0.029596100278551533,0.0010445682451253482,0.018802228412256268,0.001392757660167131],
[0.07474571345539087,0.016971810520197618,0.020807904678872422,0.04475443185120605,0.11362975879104911,0.017378668991572217,0.023655913978494623,0.05911072362685266,0.07916303400174368,0.0036617262423714035,0.015053763440860216,0.038884045335658236,0.034641092705608834,0.06939843068875327,0.08061609997093869,0.013833188026736413,0.0005231037489102005,0.044347573379831445,0.06166811973263586,0.08607962801511189,0.035280441732054635,0.00941586748038361,0.027201394943330428,0.0013368206916594013,0.027724498692240626,0.00011624527753560012],
[0.05791505791505792,0.011583011583011582,0.023166023166023165,0.05791505791505792,0.15057915057915058,0.015444015444015444,0.03861003861003861,0.0694980694980695,0.09266409266409266,0,0.007722007722007722,0.02702702702702703,0.03474903474903475,0.07335907335907337,0.03861003861003861,0.007722007722007722,0.003861003861003861,0.07335907335907337,0.05791505791505792,0.05019305019305019,0.03861003861003861,0.015444015444015444,0.03088803088803089,0.003861003861003861,0.015444015444015444,0.003861003861003861],
[0.08341947488112467,0.015815588174488318,0.018916683894976225,0.044552408517676244,0.13076286954724003,0.018709944180277032,0.020777341327268967,0.06419268141409964,0.065639859416994,0.0016539177175935497,0.013954930742195577,0.04000413479429398,0.024602026049204053,0.06605333884639239,0.07794087244159603,0.014885259458341947,0.0002067397146991937,0.057783750258424645,0.059437667976018196,0.08755426917510854,0.03214802563572462,0.011577424023154847,0.022534628902212115,0.00361794500723589,0.022741368616911308,0.0005168492867479843],
[0.08711815096169387,0.016162922256343946,0.016162922256343946,0.04978180054953936,0.13673832228866978,0.019072248262485856,0.02117342815581057,0.07418781315661872,0.06206562146436076,0.0012930337805075157,0.00921286568611605,0.043155002424438337,0.020203652820429935,0.06529820591562954,0.0651365766930661,0.014385000808146113,0.0003232584451268789,0.06319702602230483,0.06109584612898012,0.08534022951349604,0.028931630838855665,0.007434944237918215,0.03394213673832229,0.0014546630030709553,0.017132697591724585,0],
[0.07342767295597484,0.01761006289308176,0.020754716981132074,0.03380503144654088,0.11776729559748428,0.016666666666666666,0.03128930817610063,0.06871069182389937,0.07877358490566037,0.00220125786163522,0.012264150943396227,0.04465408805031446,0.029559748427672956,0.06619496855345912,0.07562893081761006,0.014465408805031447,0.0020440251572327044,0.04481132075471698,0.07327044025157232,0.08820754716981132,0.03632075471698113,0.007075471698113208,0.01729559748427673,0.0015723270440251573,0.025157232704402517,0.0004716981132075472],
[0.0756166599272139,0.018331311497506404,0.020353147324437257,0.0532416767758458,0.1447634452082491,0.01792694433212023,0.021431459765467044,0.0703598867771937,0.06389001213101496,0.0005391562205148942,0.014961585119288313,0.03908882598732983,0.024531608033427684,0.06631621512333198,0.06887720717077774,0.014961585119288313,0.0004043671653861706,0.05337646583097452,0.06078986386305432,0.08222132362852136,0.02884485779754684,0.00646987464617873,0.02547513141932875,0.0009435233859010648,0.020622725434694702,0.005661140315406389],
[0.08460424299224674,0.021044559938655533,0.0245377864871773,0.05077958592485303,0.1214109227230127,0.016784527562409474,0.0213001618812303,0.0715685439209338,0.060492459742694044,0.007582857629717986,0.015250915906960892,0.038255090738689615,0.02377098065945301,0.06449689017636534,0.07651018147737923,0.015676919144585497,0.0005112038851495271,0.05035358268722842,0.05878844679219562,0.08835307148334327,0.02658260202777541,0.007838459572292749,0.023259776774303485,0.0047712362613955865,0.024793388429752067,0.0006816051801993695],
[0.08179543321864248,0.016108852048795745,0.022521113543947452,0.051454488583046604,0.12746324679386925,0.019862370972786987,0.020018767594619957,0.05927431967469503,0.07397560212699406,0.0020331560838285894,0.010947763528307789,0.041601501407569595,0.031122927744760713,0.06474820143884892,0.06944010009383797,0.01376290272130122,0.0006255864873318737,0.05442602439787301,0.06005630278385987,0.09477635283077886,0.030810134501094776,0.007194244604316547,0.024085079762277136,0.001094776352830779,0.01970597435095402,0.001094776352830779],
[0.07868039377771098,0.016307206733298264,0.02367175170962651,0.04832043285488841,0.11790786803937778,0.01788532351394003,0.026827985270910047,0.05861576613812279,0.07920643270459157,0.0016532651987675659,0.01698354249643045,0.04245885624107613,0.030885999849703163,0.06883595100323138,0.06981288043886676,0.019012549785827008,0.0005260389268805891,0.04749380025550462,0.06064477342751935,0.0826632599383783,0.029383031487187194,0.00774028706695724,0.029232734650935597,0.000676335763132186,0.02329600961899752,0.0012775231081385736],
[0.08035288507391512,0.014544587505960896,0.02396280400572246,0.04363376251788269,0.1255364806866953,0.0203862660944206,0.02587029089175012,0.06235097758702909,0.07129232236528374,0.002145922746781116,0.01239866475917978,0.04124940391034811,0.032188841201716736,0.0594897472579876,0.07701478302336671,0.019194086790653313,0.000715307582260372,0.050906056270863136,0.06449690033381021,0.08571769194086791,0.02408202193609919,0.00798760133524082,0.027062470195517406,0.0033381020505484026,0.023366714353838816,0.000715307582260372],
[0.07793345008756568,0.013791593695271453,0.024956217162872153,0.044220665499124345,0.11690017513134851,0.019921190893169877,0.02583187390542907,0.05363397548161121,0.07552539404553416,0.0059106830122591944,0.01510507880910683,0.040718038528896675,0.02648861646234676,0.06830122591943957,0.07793345008756568,0.01576182136602452,0.0010945709281961471,0.054509632224168124,0.06720665499124344,0.08669001751313485,0.026926444833625218,0.00788091068301226,0.02626970227670753,0.00043782837127845885,0.024956217162872153,0.0010945709281961471],
[0.07602773650321941,0.01659237246161466,0.0195641406636949,0.05881624566617137,0.13075780089153047,0.019068845963348194,0.021916790490341752,0.06884596334819218,0.066617137196632,0.0009905894006934125,0.013868251609707775,0.04086181277860327,0.026993561168895494,0.06104507181773155,0.06946508172362556,0.015106488360574542,0.0004952947003467063,0.058692421991084695,0.05212976721149084,0.08519068845963348,0.0295938583457157,0.008543833580980683,0.028107974244675583,0.0023526498266468548,0.027612679544328875,0.0007429420505200594],
[0.07643072289156627,0.013177710843373495,0.025037650602409638,0.04292168674698795,0.12048192771084337,0.019954819277108432,0.02729668674698795,0.058358433734939756,0.07360692771084337,0.001694277108433735,0.013365963855421686,0.04386295180722891,0.030873493975903613,0.058734939759036146,0.07718373493975904,0.017507530120481927,0.0005647590361445783,0.04800451807228916,0.06664156626506024,0.08923192771084337,0.028426204819277108,0.007341867469879518,0.02654367469879518,0.0020707831325301206,0.030120481927710843,0.0005647590361445783],
[0.08580898600540142,0.018904984041247238,0.01988706113429904,0.05303216302479745,0.1270562239135772,0.020132580407561995,0.020991897863982322,0.05904738521973975,0.06788607905720599,0.0015958752762091823,0.016695310581880677,0.04345691136754235,0.028111956788607905,0.0628529339553155,0.07242818561257058,0.016818070218512154,0.0004910385465259023,0.0537687208445863,0.05573287503068991,0.0844586300024552,0.030321630247974466,0.007733857107782961,0.024797446599558064,0.00012275963663147557,0.026516081512398725,0.0013503560029462312],
[0.07533147538214678,0.016974917658981504,0.025926864285111054,0.047039945950510934,0.11603749683303775,0.018410607212228695,0.027869267798327844,0.05683641584325648,0.07828730681530276,0.002111308166539988,0.014019086225825522,0.04475973313064775,0.028122624778312642,0.06680179038932522,0.07693606958871717,0.01933958280550629,0.0002533569799847986,0.050755848323621316,0.06089012752301326,0.07921628240858036,0.03209188413140782,0.008191875686175154,0.026011316611772653,0.0004222616333079976,0.025926864285111054,0.001435689553247192],
[0.07269597457627118,0.016353283898305086,0.027078919491525424,0.046676377118644065,0.11996822033898305,0.019994703389830507,0.029727224576271187,0.055614406779661014,0.07441737288135593,0.0016551906779661016,0.014367055084745763,0.04363082627118644,0.028601694915254237,0.06634004237288135,0.07342425847457627,0.017545021186440676,0.00039724576271186443,0.05462129237288135,0.06210275423728814,0.08123675847457627,0.03105137711864407,0.007216631355932203,0.02588718220338983,0.0017213983050847457,0.02601959745762712,0.0016551906779661016],
[0.07565011820330969,0.01103230890464933,0.023246650906225373,0.05240346729708432,0.10874704491725769,0.018124507486209612,0.02206461780929866,0.0673758865248227,0.0760441292356186,0,0.010638297872340425,0.04609929078014184,0.03546099290780142,0.058707643814026794,0.07722616233254531,0.02009456264775414,0,0.04058313632781718,0.07565011820330969,0.08628841607565012,0.028368794326241134,0.006698187549251379,0.024822695035460994,0.0003940110323089047,0.032702915681639085,0.0015760441292356187],
[0.06975156975156975,0.016107016107016106,0.02265902265902266,0.036036036036036036,0.11684411684411684,0.02252252252252252,0.033715533715533715,0.06456456456456457,0.07998907998907999,0.0009555009555009555,0.015151515151515152,0.04245154245154245,0.03412503412503413,0.06661206661206662,0.0784875784875785,0.017335517335517334,0.000819000819000819,0.051597051597051594,0.06743106743106743,0.08353808353808354,0.02702702702702703,0.00546000546000546,0.021976521976521977,0.0009555009555009555,0.023205023205023205,0.0006825006825006825]
